deg = pi/180.
e = 1.602176634e-19
c = 299792458.0
d = 201.4e-12
hh = 6.62607012e-34